Ts_Control =  1e-04;
Ts_Power=2e-06;
Ts =2e-06; 


Fc_power   = [ 0  100  200  300   400   500   600    700   800   900   1000   1100   1200   1300    1400    1500  1600   1700  1800  1900  2000  2100  2200  2300   2400   2500   2600   2700   2800  2900   3000  3100  3200 3300   3400  3500 3600 3700  3800   3900   4000   4100  4198.5    4300   4400   4500      4600   4700  4800    4900    5000    5100     5200       5300       5400    5500  5600  5700   5800     5900    6000 ];
Fc_current = [ 0  1.7  3.3  5.06  6.8   8.6  10.4   12.3  14.15   16   17.85  19.8   21.8   23.75   25.75   27.75  29.8  31.9  34.1  36.2  38.2  40.9  42.6  44.7   47.1   49.4   51.6    54   56.85  58.75  61.2  63.6  66.1  68.6  71.2  73.8 76.5 79.15  81.85  84.6  87.5   90.4  93.3      96.4   99.45  102.5    105.65   109   112.8  115.75  119.25   123     126.65     130.5      134.5   138.6  142.9 147.4  153.05   157  162.2];
    

